5.000000000000000000e-01
5.000000000000000000e-01
5.000000000000000000e-01
5.000000000000000000e-01
5.000000000000000000e-01
5.000000000000000000e-01
5.000000000000000000e-01
5.000000000000000000e-01
5.000000000000000000e-01
5.000000000000000000e-01
5.000000000000000000e-01
5.000000000000000000e-01
5.000000000000000000e-01
5.000000000000000000e-01
5.000000000000000000e-01
5.000000000000000000e-01
5.000000000000000000e-01
5.000000000000000000e-01
5.000000000000000000e-01
5.000000000000000000e-01
5.000000000000000000e-01
5.000000000000000000e-01
5.000000000000000000e-01
5.000000000000000000e-01
5.000000000000000000e-01
5.000000000000000000e-01
5.000000000000000000e-01
5.000000000000000000e-01
5.000000000000000000e-01
5.000000000000000000e-01
5.000000000000000000e-01
5.000000000000000000e-01
5.000000000000000000e-01
5.000000000000000000e-01
5.000000000000000000e-01
5.000000000000000000e-01
5.000000000000000000e-01
5.000000000000000000e-01
5.000000000000000000e-01
5.000000000000000000e-01
5.000000000000000000e-01
5.000000000000000000e-01
5.000000000000000000e-01
5.000000000000000000e-01
5.000000000000000000e-01
5.000000000000000000e-01
5.000000000000000000e-01
5.000000000000000000e-01
5.000000000000000000e-01
5.000000000000000000e-01
5.000000000000000000e-01
5.000000000000000000e-01
5.000000000000000000e-01
5.000000000000000000e-01
5.000000000000000000e-01
5.000000000000000000e-01
5.000000000000000000e-01
5.016666666666667052e-01
5.033333333333332993e-01
5.033333333333332993e-01
5.050000000000000044e-01
5.066666666666667096e-01
5.066666666666667096e-01
5.150000000000000133e-01
5.166666666666667185e-01
5.250000000000000222e-01
5.283333333333333215e-01
5.366666666666666252e-01
5.433333333333333348e-01
5.466666666666666341e-01
5.566666666666666430e-01
5.616666666666666474e-01
5.683333333333333570e-01
5.783333333333333659e-01
5.933333333333333792e-01
6.149999999999999911e-01
6.183333333333332904e-01
6.350000000000000089e-01
6.366666666666667140e-01
6.450000000000000178e-01
6.600000000000000311e-01
6.716666666666666341e-01
6.866666666666666474e-01
6.983333333333333615e-01
7.166666666666666741e-01
7.199999999999999734e-01
7.233333333333333837e-01
7.316666666666666874e-01
7.266666666666666829e-01
7.283333333333333881e-01
7.316666666666666874e-01
7.316666666666666874e-01
7.316666666666666874e-01
7.366666666666666918e-01
7.349999999999999867e-01
7.283333333333333881e-01
7.316666666666666874e-01
7.249999999999999778e-01
7.199999999999999734e-01
7.149999999999999689e-01
7.133333333333333748e-01
7.083333333333333703e-01
7.083333333333333703e-01
7.016666666666666607e-01
6.966666666666666563e-01
6.983333333333333615e-01
6.899999999999999467e-01
6.916666666666666519e-01
6.883333333333333526e-01
6.766666666666666385e-01
6.716666666666666341e-01
6.683333333333333348e-01
6.650000000000000355e-01
6.600000000000000311e-01
6.533333333333333215e-01
6.483333333333333171e-01
6.466666666666666119e-01
6.466666666666666119e-01
6.466666666666666119e-01
6.433333333333333126e-01
6.383333333333333082e-01
6.383333333333333082e-01
6.350000000000000089e-01
6.283333333333332993e-01
6.300000000000000044e-01
6.199999999999999956e-01
6.166666666666666963e-01
6.149999999999999911e-01
6.099999999999999867e-01
5.999999999999999778e-01
5.966666666666666785e-01
5.916666666666666741e-01
5.883333333333333748e-01
5.849999999999999645e-01
5.783333333333333659e-01
5.749999999999999556e-01
5.749999999999999556e-01
5.733333333333333615e-01
5.699999999999999512e-01
5.666666666666666519e-01
5.583333333333333481e-01
5.583333333333333481e-01
5.566666666666666430e-01
5.566666666666666430e-01
5.533333333333333437e-01
5.466666666666666341e-01
5.466666666666666341e-01
5.466666666666666341e-01
5.433333333333333348e-01
5.416666666666666297e-01
5.416666666666666297e-01
5.416666666666666297e-01
5.400000000000000355e-01
5.400000000000000355e-01
5.400000000000000355e-01
5.350000000000000311e-01
5.350000000000000311e-01
5.350000000000000311e-01
5.300000000000000266e-01
5.316666666666666208e-01
5.300000000000000266e-01
5.283333333333333215e-01
5.266666666666666163e-01
5.250000000000000222e-01
5.233333333333333171e-01
5.216666666666666119e-01
5.216666666666666119e-01
5.216666666666666119e-01
5.216666666666666119e-01
5.200000000000000178e-01
5.200000000000000178e-01
5.183333333333333126e-01
5.183333333333333126e-01
5.183333333333333126e-01
5.183333333333333126e-01
5.166666666666667185e-01
5.150000000000000133e-01
5.150000000000000133e-01
5.150000000000000133e-01
5.150000000000000133e-01
5.150000000000000133e-01
5.150000000000000133e-01
5.150000000000000133e-01
5.150000000000000133e-01
5.133333333333333082e-01
5.133333333333333082e-01
5.133333333333333082e-01
5.133333333333333082e-01
5.133333333333333082e-01
5.116666666666667140e-01
5.116666666666667140e-01
5.116666666666667140e-01
5.116666666666667140e-01
5.116666666666667140e-01
5.116666666666667140e-01
5.100000000000000089e-01
5.100000000000000089e-01
5.100000000000000089e-01
5.066666666666667096e-01
5.066666666666667096e-01
5.066666666666667096e-01
5.066666666666667096e-01
5.050000000000000044e-01
5.050000000000000044e-01
5.033333333333332993e-01
5.033333333333332993e-01
5.033333333333332993e-01
5.033333333333332993e-01
5.033333333333332993e-01
5.033333333333332993e-01
5.033333333333332993e-01
5.033333333333332993e-01
5.033333333333332993e-01
5.033333333333332993e-01
5.033333333333332993e-01
5.033333333333332993e-01
5.033333333333332993e-01
5.033333333333332993e-01
5.033333333333332993e-01
5.033333333333332993e-01
5.033333333333332993e-01
5.033333333333332993e-01
5.033333333333332993e-01
5.033333333333332993e-01
5.033333333333332993e-01
5.016666666666667052e-01
5.016666666666667052e-01
5.016666666666667052e-01
5.016666666666667052e-01
5.016666666666667052e-01
5.016666666666667052e-01
5.016666666666667052e-01
5.016666666666667052e-01
5.016666666666667052e-01
5.016666666666667052e-01
5.016666666666667052e-01
5.016666666666667052e-01
5.016666666666667052e-01
5.016666666666667052e-01
5.016666666666667052e-01
5.016666666666667052e-01
5.016666666666667052e-01
5.016666666666667052e-01
5.016666666666667052e-01
5.016666666666667052e-01
5.016666666666667052e-01
5.016666666666667052e-01
5.016666666666667052e-01
5.016666666666667052e-01
5.016666666666667052e-01
5.016666666666667052e-01
5.016666666666667052e-01
5.016666666666667052e-01
5.016666666666667052e-01
5.016666666666667052e-01
5.016666666666667052e-01
5.016666666666667052e-01
5.016666666666667052e-01
5.016666666666667052e-01
5.016666666666667052e-01
5.016666666666667052e-01
5.016666666666667052e-01
5.016666666666667052e-01
5.016666666666667052e-01
5.016666666666667052e-01
5.016666666666667052e-01
5.016666666666667052e-01
5.016666666666667052e-01
5.016666666666667052e-01
5.016666666666667052e-01
5.016666666666667052e-01
5.016666666666667052e-01
5.016666666666667052e-01
5.016666666666667052e-01
5.016666666666667052e-01
5.016666666666667052e-01
5.016666666666667052e-01
5.016666666666667052e-01
5.016666666666667052e-01
5.016666666666667052e-01
5.016666666666667052e-01
5.016666666666667052e-01
5.016666666666667052e-01
5.016666666666667052e-01
5.016666666666667052e-01
5.016666666666667052e-01
5.016666666666667052e-01
5.016666666666667052e-01
5.016666666666667052e-01
5.016666666666667052e-01
5.016666666666667052e-01
5.016666666666667052e-01
5.016666666666667052e-01
5.016666666666667052e-01
5.016666666666667052e-01
5.016666666666667052e-01
5.016666666666667052e-01
5.016666666666667052e-01
5.016666666666667052e-01
5.000000000000000000e-01
